;	B1	B2	B3
	77	94	99
	79	98	103
	77	99	102
	76	94	99
	80	95	103
	80	96	107
	80	96	106
	79	95	105
	78	96	104
	77	95	103
	76	91	100
	74	89	97
	82	100	116
	81	99	114
	81	97	112
	80	97	111
	80	96	109
	79	95	108
	78	95	106
	77	93	104
	76	90	100
	74	88	97
	83	105	122
	83	103	120
	82	101	118
	82	100	116
	82	99	115
	81	98	114
	80	97	112
	78	96	110
	78	95	108
	77	92	105
	76	89	101
	74	87	98
	88	117	137
	86	114	133
	85	110	129
	84	107	124
	83	104	122
	83	103	120
	83	101	118
	83	100	117
	82	100	117
	80	99	115
	79	98	112
	78	95	110
	76	92	106
	75	89	102
	73	86	98
	92	123	141
	91	122	141
	89	119	140
	87	116	135
	86	112	130
	84	109	126
	82	105	123
	83	104	121
	83	103	119
	84	102	119
	83	102	118
	81	101	116
	80	98	112
	78	94	109
	76	91	105
	74	88	101
	72	85	98
	70	84	97
	91	119	140
	92	122	140
	93	124	141
	93	125	141
	92	124	141
	90	122	140
	89	116	135
	87	114	130
	84	110	126
	82	106	123
	83	106	121
	84	105	119
	86	103	118
	83	104	117
	82	101	114
	80	97	110
	78	94	106
	76	90	103
	74	86	100
	72	84	97
	70	84	96
	91	118	142
	91	120	143
	91	123	143
	91	124	142
	91	125	141
	92	126	141
	91	123	141
	89	119	139
	88	114	135
	86	111	130
	84	108	126
	83	104	123
	84	104	121
	84	104	119
	85	103	118
	83	102	117
	82	99	113
	80	95	109
	78	93	104
	76	89	101
	74	86	99
	73	86	96
	72	84	95
	88	114	143
	89	118	146
	90	120	146
	90	122	146
	90	123	146
	90	124	144
	90	124	143
	90	124	141
	90	124	141
	89	120	140
	88	116	138
	87	112	134
	86	110	131
	86	108	127
	85	104	124
	85	105	121
	85	104	119
	84	103	118
	83	101	116
	82	98	112
	81	96	108
	79	95	104
	77	91	101
	75	88	98
	74	88	96
	73	87	95
	90	118	141
	91	118	142
	91	120	144
	90	122	146
	90	122	145
	89	123	145
	89	124	144
	88	121	143
	88	122	142
	88	121	140
	89	119	139
	88	116	137
	87	114	135
	86	113	134
	86	111	133
	86	109	130
	87	107	126
	86	107	122
	85	104	119
	84	102	117
	83	101	115
	82	99	112
	80	98	108
	79	96	105
	77	93	101
	76	90	98
	75	89	95
	74	88	95
	73	88	95
	88	115	137
	89	116	140
	90	118	143
	90	120	145
	91	121	145
	90	122	146
	89	122	145
	89	121	145
	88	121	144
	87	119	143
	86	116	141
	86	116	140
	86	115	138
	87	114	136
	86	113	134
	86	113	133
	86	114	134
	86	112	135
	86	110	132
	86	109	127
	85	108	123
	84	105	120
	83	103	117
	82	102	115
	80	100	112
	79	99	109
	78	96	105
	76	93	102
	75	91	98
	74	89	95
	73	87	95
	72	86	95
	86	114	140
	86	116	140
	87	118	141
	88	119	143
	89	119	145
	89	120	146
	89	122	145
	89	122	144
	88	121	143
	87	119	142
	86	118	141
	85	116	140
	84	112	139
	84	111	138
	84	111	136
	84	111	134
	85	110	132
	86	111	132
	86	113	134
	86	112	135
	86	111	133
	86	110	129
	84	110	126
	83	107	123
	82	105	121
	81	104	118
	80	102	115
	78	99	111
	77	98	108
	76	94	103
	75	91	99
	74	89	94
	73	86	94
	72	85	94
	85	111	132
	86	112	134
	85	113	136
	85	114	137
	85	118	138
	86	121	139
	87	118	140
	87	119	140
	87	119	141
	88	118	140
	87	120	140
	86	120	139
	86	115	137
	84	116	136
	83	114	135
	82	109	135
	82	108	135
	82	108	134
	83	108	133
	84	107	132
	85	109	132
	86	110	133
	86	111	135
	86	111	133
	85	111	131
	83	111	130
	82	108	127
	81	105	125
	80	105	122
	79	101	118
	78	99	114
	77	97	110
	76	93	104
	75	90	99
	74	88	94
	73	84	94
	72	83	93
	83	104	121
	84	109	125
	84	111	129
	84	111	132
	83	110	134
	83	110	135
	83	113	137
	83	116	137
	83	114	137
	83	114	136
	84	113	136
	84	112	135
	83	113	135
	83	112	134
	83	109	133
	82	109	131
	81	107	131
	80	103	131
	81	105	132
	82	106	132
	82	107	131
	83	107	131
	84	108	132
	85	109	133
	84	110	135
	84	110	134
	83	110	134
	82	110	134
	82	107	132
	81	105	129
	80	105	127
	79	100	122
	78	98	117
	78	96	112
	77	92	106
	76	89	100
	74	87	95
	73	82	94
	72	82	93
	72	82	94
	81	102	119
	82	106	123
	82	109	126
	82	108	129
	82	106	131
	81	105	133
	81	109	133
	80	110	134
	80	109	133
	80	108	132
	80	108	131
	80	107	132
	80	108	132
	81	107	132
	81	105	130
	80	104	130
	79	103	130
	79	103	130
	80	105	131
	81	107	132
	82	107	132
	83	108	132
	83	108	132
	84	109	133
	83	110	135
	82	110	135
	82	111	135
	81	113	135
	81	110	134
	81	109	132
	80	109	130
	79	104	126
	79	100	121
	79	97	117
	78	94	110
	77	91	104
	75	88	98
	73	83	98
	73	82	97
	73	83	97
	80	103	122
	80	104	124
	80	103	126
	80	102	127
	80	103	127
	79	105	127
	77	106	127
	76	103	127
	77	103	126
	77	103	127
	77	103	129
	78	104	130
	78	104	130
	79	103	130
	78	102	129
	78	102	130
	78	103	131
	79	105	132
	81	107	132
	82	108	132
	82	108	132
	82	108	133
	82	108	134
	82	109	136
	81	108	136
	81	109	137
	81	113	137
	81	111	136
	81	110	135
	80	110	134
	80	106	130
	80	103	126
	79	99	121
	79	96	114
	78	92	108
	76	89	102
	75	84	101
	74	84	100
	74	87	100
	78	101	121
	78	103	122
	78	101	124
	78	100	124
	79	99	123
	78	101	122
	77	100	122
	76	97	122
	76	99	121
	77	100	123
	77	101	125
	77	102	129
	77	102	129
	77	102	129
	77	102	129
	77	102	130
	77	103	132
	78	105	133
	79	107	133
	80	108	132
	80	107	132
	80	107	134
	80	107	135
	80	107	137
	80	105	137
	80	107	138
	81	110	138
	82	110	138
	82	110	138
	82	110	137
	82	108	133
	81	106	130
	80	103	124
	80	98	118
	79	95	111
	77	91	107
	76	87	105
	76	89	104
	76	92	105
	76	99	120
	75	101	121
	76	100	122
	77	98	122
	78	97	121
	77	99	121
	76	99	121
	76	97	121
	76	98	122
	77	99	123
	77	100	125
	77	101	127
	76	102	127
	76	101	127
	76	101	128
	76	102	129
	76	102	131
	77	104	132
	78	104	132
	79	104	132
	78	104	132
	78	104	132
	78	104	133
	79	106	134
	80	106	135
	80	108	136
	81	111	138
	82	111	138
	83	112	138
	83	113	138
	83	111	134
	83	111	131
	81	109	126
	80	101	120
	80	98	114
	79	96	111
	78	93	110
	78	95	110
	78	97	111
	73	98	120
	74	98	121
	76	97	122
	77	97	123
	77	99	123
	76	99	124
	76	99	124
	76	99	124
	77	99	124
	77	100	125
	76	101	126
	75	101	126
	75	101	126
	75	101	127
	75	101	129
	76	102	130
	77	102	132
	77	103	131
	77	102	131
	77	102	131
	77	100	131
	77	102	132
	78	104	133
	79	105	134
	80	107	135
	81	109	137
	82	110	138
	83	111	139
	83	113	139
	83	113	136
	82	111	132
	81	107	127
	80	100	122
	79	98	118
	78	96	115
	77	95	115
	78	96	116
	78	98	117
	78	100	119
	75	97	118
	76	98	121
	76	98	123
	77	97	124
	76	99	126
	76	100	126
	76	101	126
	76	100	126
	77	99	125
	76	99	125
	75	100	124
	74	100	125
	74	100	125
	74	100	126
	75	100	128
	76	100	130
	76	101	131
	76	101	130
	76	101	130
	76	100	130
	76	98	130
	77	100	131
	78	103	131
	79	104	133
	81	105	134
	82	108	136
	83	109	138
	83	111	139
	83	113	139
	83	113	136
	82	111	133
	80	107	129
	79	101	124
	78	100	119
	77	98	117
	76	96	117
	77	96	117
	78	98	118
	79	101	120
	78	99	117
	78	101	120
	77	100	122
	76	99	123
	76	101	125
	76	101	125
	76	101	124
	76	101	124
	76	100	124
	76	100	124
	75	100	124
	73	100	124
	73	99	124
	74	100	124
	75	99	125
	75	100	126
	75	100	127
	76	100	128
	76	100	129
	75	101	129
	75	100	130
	76	102	130
	78	104	132
	80	103	133
	81	105	135
	82	107	136
	83	109	137
	83	112	138
	83	113	138
	83	112	135
	82	111	133
	80	109	130
	78	105	124
	77	102	120
	76	99	117
	75	96	116
	77	96	115
	78	98	117
	79	101	120
	79	102	119
	77	101	120
	76	99	121
	76	101	122
	76	100	122
	76	99	122
	76	101	122
	76	100	122
	75	99	122
	74	99	123
	73	98	122
	73	98	122
	73	98	122
	74	98	122
	74	98	123
	75	98	124
	76	98	126
	76	98	127
	76	100	129
	76	99	130
	76	100	131
	77	101	132
	79	101	133
	80	103	135
	82	106	136
	83	108	136
	83	110	137
	83	112	137
	82	113	135
	80	111	134
	78	109	130
	76	107	125
	75	102	120
	74	98	117
	74	95	116
	76	96	115
	77	99	117
	77	101	121
	78	99	118
	77	97	119
	76	96	119
	75	98	120
	75	97	120
	75	97	120
	75	99	121
	75	98	121
	74	97	121
	73	97	122
	73	96	121
	72	95	120
	72	96	120
	72	96	121
	73	96	121
	75	97	123
	77	96	124
	77	98	126
	77	99	128
	76	99	129
	76	100	131
	77	101	132
	78	100	133
	79	104	134
	81	107	135
	83	108	135
	83	110	135
	82	111	134
	82	112	133
	79	112	131
	76	109	127
	74	104	122
	73	99	118
	73	96	115
	73	93	114
	74	95	113
	75	96	116
	76	98	120
	74	99	124
	78	99	118
	77	97	119
	75	97	119
	75	99	119
	74	98	120
	74	98	120
	74	99	120
	74	98	121
	73	97	121
	73	97	121
	73	95	120
	72	95	120
	71	94	120
	70	95	121
	72	96	121
	75	97	123
	78	97	124
	78	100	126
	77	101	128
	76	100	129
	76	101	130
	76	102	131
	77	103	132
	79	106	133
	81	108	133
	83	107	133
	82	110	133
	82	110	132
	81	110	130
	78	110	128
	75	105	124
	73	99	119
	72	96	115
	72	92	113
	73	90	112
	73	92	111
	74	92	114
	74	94	118
	74	97	123
	76	97	119
	75	97	119
	74	98	119
	74	96	119
	74	95	120
	73	97	120
	74	95	120
	73	95	121
	73	95	121
	72	94	121
	72	94	121
	71	94	121
	71	94	121
	72	95	122
	75	97	123
	77	97	124
	77	99	126
	77	100	127
	77	99	128
	77	101	130
	77	102	131
	77	103	131
	79	105	131
	80	106	131
	82	105	131
	81	107	131
	81	107	129
	80	106	126
	78	104	125
	76	99	121
	74	93	117
	73	91	112
	72	87	110
	72	84	110
	73	87	109
	73	87	113
	74	90	118
	73	95	123
	75	97	119
	74	96	119
	74	95	119
	73	93	120
	73	93	120
	74	95	120
	74	93	120
	74	93	120
	73	94	120
	72	94	120
	72	94	120
	72	95	120
	73	94	120
	73	95	121
	74	97	122
	75	97	122
	76	99	123
	77	100	125
	78	99	126
	78	102	127
	77	104	128
	78	103	128
	79	105	128
	80	105	128
	81	105	129
	80	106	129
	80	106	129
	79	105	127
	78	103	126
	77	99	122
	76	95	118
	74	92	114
	72	88	112
	71	85	111
	72	85	110
	72	88	114
	73	93	119
	73	99	124
	74	96	119
	73	96	120
	73	95	120
	73	94	121
	74	94	121
	74	96	121
	75	95	120
	75	95	120
	73	95	120
	72	94	119
	72	95	118
	73	96	118
	74	94	118
	74	95	118
	74	96	118
	73	96	118
	75	100	120
	76	101	121
	78	100	123
	77	103	124
	77	104	125
	77	102	125
	78	104	125
	79	104	126
	79	104	127
	79	105	128
	79	105	128
	78	104	127
	78	103	127
	77	100	124
	76	97	120
	74	93	116
	72	89	114
	71	86	112
	71	86	111
	72	90	116
	73	94	121
	73	99	125
	73	97	119
	75	97	121
	75	95	122
	75	93	122
	75	94	122
	75	96	121
	76	96	121
	75	95	120
	73	94	118
	72	93	117
	72	93	116
	72	92	115
	73	90	115
	73	92	114
	73	93	114
	73	92	115
	73	96	116
	74	97	117
	74	97	120
	74	98	122
	74	99	123
	74	99	123
	75	100	123
	76	101	123
	77	101	125
	78	103	127
	78	104	128
	78	104	129
	78	103	129
	77	101	126
	76	98	122
	74	94	117
	72	89	115
	71	87	114
	72	88	112
	73	91	116
	73	95	121
	73	99	124
	73	97	118
	78	98	121
	77	97	124
	76	94	123
	76	96	123
	76	98	122
	77	97	120
	75	96	118
	73	94	117
	72	92	116
	71	92	115
	71	90	114
	72	89	113
	72	91	113
	72	92	114
	72	91	114
	72	94	115
	72	95	115
	71	94	117
	71	94	118
	72	94	119
	72	96	120
	73	98	122
	74	99	122
	75	100	123
	76	103	125
	77	103	125
	78	104	126
	77	105	127
	77	102	124
	76	99	122
	74	97	120
	72	92	116
	72	90	113
	72	91	110
	73	93	114
	73	98	118
	73	103	120
	73	98	114
	80	99	124
	78	98	123
	77	100	122
	77	101	121
	77	97	119
	76	96	116
	73	94	114
	71	92	114
	71	91	114
	71	90	113
	71	90	113
	71	92	114
	72	92	114
	72	93	114
	71	94	114
	70	92	114
	69	90	114
	70	90	114
	70	91	116
	71	93	118
	72	96	121
	73	97	122
	75	99	122
	76	101	122
	78	101	123
	78	101	124
	78	104	125
	78	101	124
	77	99	123
	75	97	122
	72	91	117
	72	89	112
	72	90	109
	73	91	112
	74	95	115
	73	99	116
	73	96	111
	81	102	125
	79	101	124
	79	101	123
	78	99	121
	78	95	118
	76	94	115
	73	93	113
	71	90	113
	71	90	113
	71	91	113
	72	92	114
	72	93	115
	72	93	115
	72	93	114
	71	92	113
	70	89	112
	69	86	111
	70	89	110
	71	90	112
	72	91	117
	73	95	121
	75	96	121
	76	97	121
	77	99	120
	78	98	122
	79	99	123
	80	101	124
	81	101	124
	79	100	124
	76	98	124
	73	92	118
	72	90	112
	73	90	108
	74	90	110
	73	93	112
	73	96	112
	73	94	108
	82	105	124
	81	104	123
	80	103	122
	79	100	120
	79	95	117
	76	95	115
	73	93	113
	70	91	113
	71	92	113
	72	92	114
	73	93	115
	73	95	115
	72	94	115
	72	93	114
	71	93	113
	69	90	112
	69	89	111
	70	92	110
	72	92	112
	73	94	116
	75	97	119
	76	97	120
	78	98	121
	78	100	122
	79	100	123
	80	101	124
	81	103	125
	83	104	125
	81	104	126
	77	103	125
	73	97	119
	72	94	112
	73	92	108
	74	92	109
	82	105	120
	81	105	120
	80	102	119
	79	98	118
	76	96	116
	73	94	115
	70	92	115
	71	93	115
	72	93	115
	73	93	115
	73	94	115
	72	93	115
	72	91	114
	71	92	112
	70	90	112
	70	89	111
	71	92	110
	72	93	112
	74	94	115
	75	97	117
	77	98	119
	78	100	121
	79	101	124
	79	101	125
	81	103	127
	82	105	128
	83	109	128
	81	108	129
	77	105	127
	73	99	120
	80	104	118
	79	104	119
	78	102	119
	77	98	118
	75	97	117
	72	95	116
	70	92	116
	71	93	115
	71	92	115
	72	91	115
	72	91	115
	72	89	114
	72	88	113
	72	89	112
	71	88	112
	71	87	111
	72	90	111
	73	92	112
	74	94	114
	75	96	116
	77	98	119
	78	100	122
	79	102	125
	80	102	126
	81	105	127
	82	108	129
	83	111	127
	79	103	116
	78	105	118
	77	103	118
	76	99	118
	74	98	118
	72	96	118
	71	95	117
	70	96	116
	70	94	115
	70	91	114
	71	90	113
	72	89	113
	73	89	112
	73	91	112
	73	89	111
	73	89	110
	73	89	110
	73	91	112
	74	93	114
	75	96	116
	77	98	119
	78	101	121
	79	105	123
	81	104	124
	77	104	116
	76	102	117
	75	98	118
	74	98	119
	73	97	119
	71	96	118
	71	96	117
	71	94	115
	71	92	113
	72	90	111
	73	90	111
	73	90	112
	73	92	112
	74	90	111
	74	90	109
	74	90	108
	74	91	111
	75	93	114
	76	95	116
	77	97	118
	76	100	115
	76	98	116
	75	95	118
	74	96	120
	74	96	120
	73	95	118
	73	95	118
	74	93	115
	74	92	112
	74	92	110
	73	91	110
	73	91	112
	74	93	113
	74	92	111
	75	91	109
	75	92	109
	75	92	111
	76	93	114
	76	100	112
	75	98	113
	75	96	114
	75	98	115
	75	96	115
	75	95	116
	76	94	117
	76	94	115
	76	94	113
	75	96	111
	74	95	112
	74	95	113
	74	97	114
	75	94	113
	75	94	112
	75	97	110
	75	95	110
	75	96	110
	76	94	111
	76	93	113
	76	94	116
	76	94	115
	76	95	114
	75	97	113
	74	97	114
	74	97	115
	75	93	106
	75	94	105
	76	92	108
	76	92	112
	76	95	115
	75	95	115
	75	96	114
	75	95	107
	75	94	105
	75	94	106
	76	95	107
	77	94	109
	76	95	112
	76	94	106
	92	97	101
	99	103	106
	98	102	109
	97	107	113
	103	107	108
	102	108	113
	102	114	120
	103	120	129
	107	132	146
	99	107	109
	100	111	118
	100	118	129
	99	128	141
	102	124	140
	104	132	144
	104	129	149
	92	113	127
	96	105	105
	96	108	112
	97	112	121
	98	118	132
	101	123	142
	104	129	151
	108	134	150
	105	137	150
	101	137	148
	97	127	141
	94	119	135
	108	134	150
	92	106	111
	93	109	116
	96	112	123
	98	115	132
	101	121	141
	104	129	148
	95	114	122
	107	139	151
	102	142	151
	99	130	144
	97	124	139
	96	123	132
	95	117	133
	93	107	116
	96	109	120
	99	110	125
	103	111	133
	104	119	140
	105	129	147
	107	133	150
	104	134	152
	101	130	153
	98	119	148
	96	116	143
	95	118	138
	93	115	129
	109	124	146
	94	108	123
	98	110	126
	103	112	131
	109	116	139
	107	132	151
	105	132	151
	102	128	149
	100	123	148
	97	117	147
	96	114	146
	95	113	144
	95	117	139
	93	115	135
	91	111	130
	88	111	122
	98	118	140
	96	117	144
	95	115	148
	95	112	151
	96	116	144
	95	116	136
	93	112	129
	90	109	124
	89	109	119
	92	120	142
	93	121	152
	96	121	158
	99	123	147
	99	121	138
	96	117	129
	94	107	126
	93	105	123
	92	110	120
	92	104	118
	92	122	147
	97	131	157
	103	131	150
	103	130	143
	100	127	137
	97	117	135
	96	114	133
	95	117	131
	94	111	130
	93	107	129
	90	120	139
	98	136	153
	105	137	151
	105	138	150
	102	138	148
	99	129	146
	98	125	144
	97	124	143
	96	118	142
	95	114	141
	93	111	139
	95	126	149
	100	139	153
	99	139	158
	97	135	161
	95	132	158
	94	127	156
	94	123	155
	95	122	153
	94	120	152
	92	117	151
	89	113	135
	94	129	145
	93	132	152
	92	131	156
	91	127	154
	91	123	152
	93	119	151
	94	120	150
	93	122	150
	90	123	148
	87	114	133
	88	114	132
	88	120	139
	87	123	143
	87	119	142
	88	115	140
	90	113	140
	93	115	141
	91	121	141
	88	126	140
	85	112	127
	80	101	118
	81	106	126
	81	110	132
	82	109	130
	84	107	130
	86	106	130
	88	107	132
	87	110	134
	85	112	134
	83	104	121
	72	89	104
	74	94	112
	76	98	118
	78	99	119
	80	99	119
	81	99	120
	83	100	122
	82	102	124
	81	103	124
	80	98	115
	66	77	91
	69	84	98
	72	89	103
	75	90	107
	76	92	110
	78	93	113
	79	95	114
	79	97	115
	79	97	115
	79	93	108
	67	69	78
	69	75	83
	72	79	89
	75	82	95
	76	86	101
	78	89	105
	79	90	105
	80	92	106
	80	93	105
	80	90	101
	69	70	81
	72	73	86
	74	79	92
	76	84	98
	78	88	103
	80	89	104
	80	92	105
	80	93	106
	80	90	103
	70	68	86
	72	71	88
	74	80	94
	76	86	100
	78	90	105
	81	92	108
	81	95	110
	81	96	112
	81	93	111
	79	81	90
	82	84	90
	85	89	96
	86	92	102
	87	95	108
	89	95	111
	88	97	115
	87	97	118
	87	95	118
	89	97	105
	92	100	107
	96	102	112
	96	101	117
	96	102	121
	96	104	124
	95	103	126
	93	102	129
	95	108	129
	98	115	130
	102	119	133
	106	120	136
	105	114	140
	105	112	143
	104	117	143
	102	113	142
	99	111	143
	99	115	143
	102	116	148
	106	127	155
	110	138	159
	114	146	161
	114	140	164
	113	139	165
	113	142	161
	110	135	159
	107	126	157
	100	117	146
	105	120	151
	110	125	161
	114	143	171
	118	155	176
	122	162	178
	122	161	180
	122	160	179
	121	159	174
	118	155	170
	115	145	168
	122	165	175
	126	172	178
	130	170	182
	130	176	186
	130	176	188
	130	168	186
	125	169	185
	122	160	179
	118	137	166
	111	125	153
	103	119	147
	96	119	154
	103	127	168
	101	123	158
	107	125	148
	111	129	155
	116	135	171
	120	154	186
	124	163	194
	129	165	195
	127	171	197
	126	173	195
	125	172	190
	122	167	186
	120	158	182
	111	148	177
	109	140	174
	107	132	164
	110	133	154
	112	134	160
	115	138	175
	119	154	190
	123	161	196
	127	164	197
	125	167	198
	123	168	195
	121	168	190
	119	162	186
	117	154	182
	119	150	161
	116	162	181
	114	156	179
	113	146	171
	113	142	163
	113	142	168
	114	146	178
	118	160	187
	123	164	191
	126	163	191
	123	164	191
	119	162	188
	116	160	184
	116	156	178
	115	152	175
	119	150	168
	117	159	185
	116	158	184
	115	153	178
	116	145	173
	116	142	175
	117	142	180
	120	155	185
	123	160	186
	125	162	186
	121	160	185
	117	157	182
	114	153	176
	113	150	171
	113	147	169
	118	154	185
	118	157	186
	117	155	183
	118	146	180
	119	142	181
	120	144	182
	121	153	184
	123	157	183
	123	159	182
	119	155	181
	115	151	177
	111	146	171
	111	142	165
	111	141	164
	119	153	184
	120	152	185
	121	143	186
	123	146	185
	124	151	185
	123	154	184
	123	155	183
	121	155	180
	117	151	178
	113	145	173
	109	139	167
	109	133	161
	119	154	183
	121	158	187
	123	155	191
	126	159	190
	127	163	187
	125	159	185
	122	157	182
	119	153	178
	115	147	175
	111	140	169
	122	162	187
	126	166	193
	130	170	191
	131	169	189
	126	162	187
	120	157	183
	116	151	177
	134	175	188
	135	171	190
	127	162	191
	128	175	187
	126	175	186
	147	193	236
	138	181	224
	132	171	214
	125	161	203
	157	206	245
	155	208	252
	147	196	241
	138	183	229
	131	171	217
	123	160	205
	115	149	195
	146	195	232
	139	179	221
	130	168	210
	120	158	200
	112	147	190
	135	172	214
	126	161	203
	118	151	194
	110	140	186
	145	183	224
	143	174	216
	132	165	206
	124	155	196
	116	145	187
	109	136	179
	112	137	171
	141	167	208
	129	160	199
	121	150	189
	114	142	179
	107	135	169
	111	134	161
	120	148	182
	113	139	172
	105	131	161
	110	131	150
	126	159	191
	125	157	186
	118	146	177
	111	137	166
	104	128	155
	109	127	144
	113	131	138
	123	151	182
	117	143	173
	110	135	163
	103	127	153
	108	121	142
	112	122	138
	111	133	159
	105	126	150
	109	122	141
	112	124	139
	117	140	168
	117	138	166
	111	131	156
	107	124	147
	109	121	139
	112	123	137
	115	131	142
	117	137	165
	112	130	153
	108	123	144
	110	116	135
	112	117	134
	115	125	141
	114	129	150
	108	123	140
	110	118	131
	112	119	131
	114	123	139
	121	135	164
	116	130	149
	109	124	139
	110	121	130
	111	121	131
	112	123	139
	113	128	147
	118	132	152
	109	126	143
	110	122	135
	112	132	147
	110	122	135
	111	125	141
	124	135	155
	111	128	147
	111	124	139
	112	122	139
	112	123	143
	112	128	147
	114	124	142
	131	137	158
	113	130	151
	113	126	143
	113	123	143
	113	122	145
	114	125	147
	116	132	153
	115	129	146
	114	126	145
	114	125	146
	115	127	147
	115	126	142
	122	131	143
	119	133	155
	120	130	148
	120	129	147
	121	127	147
	121	132	147
	139	152	166
	142	152	165
	145	155	168
	140	151	164
	158	181	196
	151	172	189
	146	163	181
	143	157	173
	140	154	169
	151	161	171
	157	167	176
	140	150	164
	143	153	166
	146	159	174
	152	168	182
	158	179	189
	164	182	190
	168	186	191
	171	190	191
	174	188	193
	177	187	193
	179	187	193
	182	187	191
	180	187	188
	173	187	186
	165	173	164
	138	148	162
	140	148	161
	151	160	169
	157	166	174
	145	153	166
	142	150	163
	159	170	161
	167	180	183
	175	185	186
	176	186	190
	173	183	193
	170	180	190
	167	179	187
	164	179	183
	161	176	183
	157	172	183
	152	167	183
	146	159	176
	142	153	168
	139	148	160
	137	146	158
	136	145	159
	138	145	159
	141	145	161
	144	147	164
	150	155	168
	156	162	173
	154	162	158
	161	173	179
	169	180	182
	170	182	185
	166	180	187
	164	175	184
	161	172	180
	157	171	176
	154	167	175
	150	163	175
	145	158	175
	141	152	167
	137	147	160
	136	143	153
	134	142	152
	134	141	153
	137	141	153
	140	143	155
	143	146	159
	149	154	161
	155	161	168
	156	167	175
	164	173	177
	164	176	178
	161	177	179
	158	171	176
	155	166	172
	151	163	168
	147	160	167
	144	155	165
	140	150	164
	136	146	158
	134	142	152
	132	138	145
	131	137	145
	132	137	145
	135	137	146
	139	142	148
	143	148	151
	148	154	154
	154	159	161
	159	163	171
	152	163	171
	160	169	171
	160	171	172
	157	170	172
	154	164	168
	151	160	164
	148	157	161
	144	154	159
	141	150	156
	138	145	154
	135	141	149
	133	138	143
	132	136	138
	131	135	138
	131	135	138
	134	137	139
	137	143	141
	140	148	143
	146	151	145
	152	152	155
	157	156	166
	148	166	172
	156	168	171
	156	168	170
	154	165	168
	151	159	163
	147	155	159
	144	152	154
	141	149	152
	139	146	150
	137	142	148
	134	138	143
	133	136	139
	132	135	134
	131	133	135
	131	134	135
	133	137	136
	135	142	138
	138	145	141
	143	145	143
	149	148	152
	155	155	163
	143	172	175
	153	169	173
	153	166	171
	150	162	168
	147	156	161
	144	151	155
	141	146	148
	139	145	146
	137	142	145
	135	139	144
	133	136	140
	132	135	136
	131	134	132
	130	133	133
	130	133	134
	132	137	136
	133	139	138
	136	140	141
	141	140	144
	147	147	151
	153	157	160
	140	161	178
	148	167	176
	149	164	173
	147	158	168
	144	153	160
	142	147	151
	140	144	143
	138	143	141
	136	140	140
	134	137	139
	131	135	136
	130	133	133
	130	132	131
	130	129	132
	131	130	134
	132	135	136
	133	137	139
	136	140	142
	141	143	145
	146	150	151
	151	157	157
	144	164	174
	145	161	171
	144	155	166
	142	149	157
	141	144	148
	139	140	140
	138	140	139
	135	138	138
	132	136	137
	129	133	135
	128	131	132
	129	130	130
	131	128	132
	132	130	134
	133	136	136
	134	138	139
	136	141	143
	140	147	146
	144	151	151
	149	155	155
	141	158	169
	141	156	167
	140	152	163
	140	146	155
	139	141	147
	138	137	141
	137	136	139
	135	136	138
	127	132	134
	126	130	132
	129	128	129
	131	130	132
	133	134	135
	133	139	138
	134	141	141
	136	144	144
	139	151	148
	142	151	151
	146	152	154
	131	134	137
	137	153	164
	138	151	163
	137	148	160
	137	145	153
	137	141	146
	136	137	141
	135	135	139
	133	134	138
	130	133	137
	127	130	134
	127	129	131
	130	129	129
	133	131	133
	134	135	136
	134	139	139
	134	139	143
	136	141	146
	139	145	150
	141	145	152
	145	147	153
	151	153	154
	133	147	159
	134	146	159
	134	144	157
	135	143	151
	134	140	145
	134	137	141
	134	134	139
	132	133	138
	130	132	136
	127	129	134
	128	127	133
	131	128	131
	134	132	134
	135	136	137
	149	153	154
	144	146	152
	141	143	151
	138	142	149
	136	140	146
	135	139	143
	135	140	140
	129	141	153
	130	141	155
	131	141	154
	132	140	150
	132	139	145
	132	137	141
	132	134	139
	131	134	137
	129	133	136
	127	129	136
	129	127	135
	132	127	135
	136	132	137
	137	137	139
	136	142	141
	136	142	142
	137	141	143
	138	141	145
	140	143	148
	143	146	152
	147	153	155
	128	139	151
	129	138	152
	130	138	148
	130	138	144
	131	136	141
	131	134	139
	130	132	137
	129	129	136
	128	125	137
	130	126	139
	133	130	140
	136	134	140
	137	137	140
	136	142	141
	136	142	141
	136	139	141
	136	140	146
	139	143	151
	143	151	157
	136	141	141
	126	136	148
	127	137	146
	129	137	144
	129	136	141
	130	133	139
	125	135	146
	130	130	137
	130	127	136
	129	125	138
	131	130	141
	133	135	143
	136	136	142
	137	138	141
	136	139	141
	136	141	139
	135	140	138
	134	135	137
	133	136	143
	135	140	149
	139	148	155
	123	131	140
	124	133	144
	125	135	144
	127	137	143
	128	136	141
	136	145	149
	130	128	135
	130	126	134
	131	131	138
	132	137	142
	134	141	145
	136	139	143
	137	138	141
	136	138	139
	136	137	137
	134	134	135
	132	130	133
	130	132	138
	131	137	144
	130	132	138
	124	130	136
	125	132	141
	126	133	141
	127	135	142
	129	135	141
	131	130	138
	132	130	134
	133	132	133
	133	138	138
	134	141	143
	135	142	147
	136	139	144
	136	138	141
	136	139	138
	135	137	135
	134	134	131
	131	130	129
	129	127	134
	130	130	139
	134	139	144
	125	129	133
	126	131	139
	127	133	140
	129	135	142
	131	135	142
	132	131	138
	134	133	134
	135	137	133
	137	143	138
	137	144	144
	136	143	147
	136	140	144
	136	139	141
	135	140	138
	135	138	135
	133	135	131
	131	131	128
	129	125	132
	130	126	136
	132	133	140
	134	139	144
	128	132	139
	129	136	141
	130	139	143
	132	139	143
	133	136	140
	135	138	137
	138	140	136
	140	142	139
	139	145	143
	138	146	146
	136	142	144
	135	142	142
	134	143	140
	134	139	138
	133	137	136
	131	134	134
	129	130	135
	129	128	136
	130	129	137
	131	135	141
	134	135	139
	132	140	142
	132	141	145
	133	140	145
	133	139	142
	135	139	139
	138	140	138
	140	142	140
	139	143	142
	137	143	144
	135	138	143
	134	139	143
	133	140	143
	132	139	142
	131	138	141
	130	135	139
	129	132	137
	128	131	136
	129	130	134
	129	133	138
	140	138	139
	136	142	142
	135	142	146
	134	141	146
	133	140	143
	135	139	140
	137	140	139
	139	142	140
	138	141	140
	136	139	141
	134	136	142
	133	136	143
	132	138	143
	130	139	143
	129	138	143
	129	136	142
	129	134	139
	127	132	135
	127	132	132
	126	132	135
	127	134	134
	139	141	142
	137	142	145
	135	141	145
	133	139	142
	134	138	139
	136	138	137
	137	139	137
	136	139	136
	135	138	137
	134	135	137
	132	136	138
	130	138	139
	128	137	139
	127	137	140
	128	137	140
	129	134	137
	146	138	139
	144	141	138
	139	143	141
	136	142	144
	133	140	144
	130	136	141
	131	136	138
	132	136	136
	133	136	134
	132	135	133
	132	134	132
	131	132	133
	130	133	134
	128	134	135
	137	144	140
	134	143	143
	131	139	142
	127	134	139
	127	133	135
	127	133	132
	127	132	130
	132	144	139
	136	143	137
	163	198	230
	171	210	236
	176	214	244
	169	222	252
	161	208	228
	151	187	224
	161	201	234
	172	207	243
	177	212	251
	173	217	255
	168	210	247
	163	197	224
	161	196	238
	172	205	246
	178	212	255
	175	218	255
	173	214	253
	170	207	237
	159	190	221
	150	186	227
	142	174	220
	150	183	230
	161	192	240
	173	204	247
	179	215	255
	178	222	255
	178	218	254
	177	211	242
	167	208	229
	158	197	215
	149	177	196
	144	184	232
	154	195	242
	164	209	248
	170	217	255
	171	217	255
	172	214	255
	172	210	247
	166	210	239
	160	205	229
	154	196	217
	146	180	204
	146	195	237
	155	209	243
	160	212	249
	162	208	255
	165	207	252
	166	208	249
	163	210	245
	160	210	239
	157	207	231
	151	187	223
	144	171	213
	146	193	222
	151	196	228
	154	197	236
	158	200	237
	160	204	238
	161	211	240
	161	207	235
	161	198	228
	156	180	220
	150	167	211
	144	164	199
	139	154	188
	141	179	208
	144	182	216
	148	188	222
	151	196	228
	154	203	235
	156	199	231
	158	191	224
	155	180	217
	152	172	209
	149	169	202
	146	163	194
	144	156	186
	137	176	207
	140	184	219
	144	188	230
	149	189	227
	153	188	220
	153	185	214
	153	182	208
	153	179	204
	153	176	201
	153	173	197
	153	171	194
	130	168	204
	136	177	215
	141	181	216
	147	184	215
	150	190	214
	154	190	212
	157	186	211
	160	188	210
	162	189	209
	165	189	209
	167	194	209
	169	202	209
	132	165	200
	137	172	205
	143	179	209
	147	188	215
	152	191	218
	157	189	218
	161	194	219
	166	199	221
	170	202	224
	174	210	228
	178	221	231
	182	219	230
	137	160	195
	141	168	205
	144	176	217
	147	181	222
	151	185	225
	156	191	228
	160	198	233
	164	207	240
	169	214	247
	175	220	254
	181	229	253
	183	232	252
	181	226	252
	138	161	205
	141	164	214
	143	171	219
	145	179	222
	150	185	226
	154	193	231
	159	202	240
	165	208	248
	172	214	255
	179	225	255
	182	230	255
	181	227	255
	180	224	250
	139	163	214
	140	173	217
	144	179	220
	148	186	226
	154	195	236
	161	200	245
	168	206	253
	177	217	255
	181	224	255
	180	225	255
	180	221	246
	136	171	211
	140	175	215
	144	181	221
	149	190	231
	156	197	241
	162	205	250
	169	216	253
	171	218	255
	140	174	213
	145	183	223
	150	193	234
	156	201	243
	136	168	206
	141	176	214
	136	165	203
	111	150	194
	111	141	203
	110	141	204
	110	148	198
	109	146	191
	111	148	180
	117	158	191
	115	156	202
	113	158	204
	111	163	200
	109	150	196
	106	143	190
	104	145	181
	105	140	173
	108	134	164
	111	122	162
	113	123	160
	118	157	191
	122	161	187
	119	167	185
	115	159	184
	112	147	183
	108	133	181
	104	129	181
	100	135	181
	103	126	181
	107	118	180
	111	123	175
	115	134	171
	118	151	166
	121	148	178
	124	148	191
	125	157	204
	126	168	212
	118	157	199
	121	156	181
	118	162	165
	115	143	162
	112	123	162
	109	118	162
	105	119	169
	101	125	182
	104	117	195
	109	116	202
	113	142	198
	118	160	193
	123	173	189
	128	165	197
	132	163	205
	132	172	214
	133	174	217
	133	175	219
	132	174	221
	132	172	219
	132	168	212
	128	164	204
	124	160	198
	108	159	237
	110	147	204
	111	137	173
	111	130	142
	110	108	140
	110	97	142
	113	119	144
	116	131	161
	119	136	185
	122	146	210
	125	161	224
	129	186	220
	131	185	216
	131	176	212
	133	165	215
	133	163	219
	132	169	222
	132	170	220
	132	169	218
	131	168	216
	131	167	212
	131	165	208
	129	164	203
	126	162	200
	124	156	202
	122	158	205
	121	164	207
	120	165	207
	120	166	207
	103	122	205
	101	126	193
	102	120	179
	103	109	163
	104	115	166
	109	127	170
	119	152	173
	129	161	187
	138	164	206
	140	181	226
	142	194	236
	145	205	230
	142	191	225
	139	174	222
	136	166	223
	134	164	224
	132	168	226
	130	167	223
	129	166	219
	130	163	216
	131	164	211
	131	167	208
	132	169	204
	132	167	205
	132	157	211
	131	160	219
	130	169	226
	128	178	229
	127	179	233
	126	173	236
	125	172	228
	123	171	219
	121	165	211
	118	163	205
	103	111	176
	101	121	183
	103	120	189
	106	116	194
	109	143	201
	116	167	209
	129	187	217
	142	194	224
	154	198	232
	155	212	241
	157	215	241
	159	206	232
	153	186	223
	146	171	218
	140	166	220
	135	167	222
	131	171	224
	127	169	225
	126	165	225
	128	157	226
	130	166	224
	132	180	221
	135	187	217
	138	183	217
	140	169	221
	139	169	225
	137	173	228
	136	176	228
	133	175	228
	131	171	228
	128	170	224
	125	168	220
	122	163	215
	118	161	209
	115	160	203
	113	151	197
	110	144	198
	107	141	209
	120	159	220
	109	108	132
	112	124	151
	114	134	177
	119	147	203
	125	163	225
	131	190	237
	138	205	249
	146	209	255
	156	213	255
	162	216	255
	160	216	253
	158	216	245
	157	214	233
	149	187	221
	142	168	215
	134	162	217
	132	166	220
	131	173	223
	129	175	228
	129	174	233
	131	170	238
	132	185	236
	134	199	233
	137	194	231
	139	185	229
	142	171	230
	141	172	230
	140	174	229
	138	173	225
	136	172	221
	133	169	218
	130	168	218
	126	165	218
	122	162	218
	119	158	211
	115	154	202
	112	145	193
	110	141	196
	107	145	210
	123	162	224
	144	185	242
	164	223	255
	184	254	255
	203	255	255
	222	255	255
	114	141	168
	120	155	184
	127	163	205
	136	180	226
	144	197	244
	154	212	253
	159	221	255
	163	225	255
	168	221	255
	169	217	255
	164	212	248
	158	206	237
	153	199	225
	144	173	214
	137	159	209
	129	159	214
	129	168	218
	130	177	223
	132	180	230
	133	182	237
	133	184	244
	134	201	244
	135	209	243
	137	191	242
	139	178	240
	141	167	237
	139	171	235
	138	172	230
	137	171	222
	134	170	214
	132	169	208
	130	167	214
	126	166	218
	123	164	223
	119	160	212
	116	154	200
	114	145	188
	112	140	193
	110	138	211
	127	164	229
	146	193	249
	166	224	255
	182	245	255
	196	255	255
	210	255	255
	214	255	255
	201	255	255
	188	238	255
	175	188	227
	155	168	188
	120	167	205
	130	179	218
	138	190	233
	148	205	249
	158	217	255
	168	224	255
	173	228	255
	174	232	255
	176	220	255
	174	210	246
	165	204	233
	157	188	222
	148	169	211
	140	146	201
	132	143	201
	123	158	209
	126	173	217
	131	183	223
	135	181	227
	136	182	231
	136	184	236
	136	187	237
	136	186	238
	137	174	240
	138	172	238
	139	174	236
	138	177	234
	136	177	231
	135	174	228
	133	174	224
	132	174	222
	130	175	224
	127	174	226
	123	172	228
	120	163	216
	117	153	202
	116	143	188
	114	142	198
	113	146	220
	131	176	242
	150	203	255
	168	226	255
	178	237	255
	185	246	255
	193	255	255
	190	251	255
	178	234	255
	165	203	255
	153	173	234
	139	158	202
	126	148	190
	112	143	193
	112	145	195
	121	181	235
	129	185	242
	137	197	251
	145	211	255
	152	215	255
	159	222	255
	166	230	255
	166	225	255
	165	217	255
	165	206	252
	160	196	235
	151	185	217
	142	166	207
	135	150	199
	129	141	190
	123	146	194
	117	158	205
	122	168	217
	127	175	223
	132	175	224
	134	177	225
	135	179	226
	136	176	230
	137	174	234
	137	172	238
	138	177	237
	138	182	235
	138	181	233
	137	180	233
	136	177	235
	135	180	237
	134	183	238
	133	187	236
	130	184	235
	125	178	233
	121	165	219
	118	153	204
	117	142	190
	116	149	207
	118	165	233
	135	193	255
	153	215	255
	171	228	255
	173	228	255
	173	226	255
	174	226	255
	167	216	255
	155	201	255
	142	178	242
	132	158	222
	126	143	202
	120	144	198
	113	152	203
	115	156	207
	117	157	211
	118	154	213
	131	179	232
	138	186	242
	145	197	250
	152	207	255
	155	214	255
	159	218	255
	163	219	255
	160	211	255
	157	201	255
	154	191	238
	146	181	220
	137	172	202
	129	153	195
	122	139	187
	118	136	180
	115	143	188
	113	154	202
	117	161	215
	122	166	223
	127	170	223
	130	173	223
	133	174	224
	135	169	227
	136	172	232
	137	180	237
	138	186	236
	139	190	234
	140	183	232
	140	180	236
	141	179	243
	141	189	251
	142	198	253
	143	204	247
	137	194	243
	129	178	237
	121	163	222
	118	153	208
	119	147	194
	120	156	217
	124	172	247
	139	201	255
	155	226	255
	171	247	255
	168	232	255
	165	217	255
	162	207	255
	154	194	245
	142	178	229
	131	157	221
	123	145	212
	121	144	203
	118	155	206
	116	167	214
	119	164	220
	121	162	225
	123	160	229
	134	170	232
	134	176	230
	141	185	240
	148	193	246
	154	201	251
	155	208	255
	157	208	255
	158	203	249
	153	195	243
	147	185	233
	142	175	220
	134	167	205
	124	161	190
	115	146	184
	109	134	178
	108	126	172
	107	135	183
	108	146	197
	113	154	212
	118	163	223
	123	173	229
	126	175	236
	131	176	239
	134	178	237
	136	184	236
	137	191	235
	139	187	236
	140	184	236
	142	179	237
	143	185	244
	145	195	254
	148	207	255
	151	210	255
	153	206	252
	144	191	242
	133	175	231
	122	161	218
	119	152	205
	122	145	191
	124	160	221
	130	180	252
	143	210	255
	157	231	255
	169	247	255
	163	224	255
	157	205	255
	151	190	244
	142	175	224
	133	159	206
	124	142	207
	119	140	208
	119	155	209
	119	172	216
	120	182	224
	123	169	233
	126	163	240
	129	161	245
	143	184	250
	157	208	255
	171	232	255
	124	164	218
	131	173	228
	137	182	239
	143	188	241
	148	193	244
	150	197	246
	151	194	241
	151	187	232
	145	180	223
	139	170	214
	133	156	202
	125	149	190
	117	143	180
	109	132	174
	106	127	169
	107	127	164
	109	136	178
	111	146	194
	116	161	210
	120	173	224
	125	184	237
	129	183	250
	132	183	254
	135	186	246
	136	188	238
	138	189	231
	139	182	236
	142	180	239
	145	182	243
	148	196	253
	151	210	255
	154	220	255
	157	217	255
	160	203	254
	147	187	237
	134	171	223
	120	157	211
	119	147	199
	123	141	188
	128	164	219
	135	190	250
	147	221	255
	158	225	255
	167	220	255
	157	203	255
	148	189	248
	139	176	233
	132	161	217
	125	149	206
	118	150	212
	116	156	218
	118	169	224
	121	172	224
	123	170	225
	127	157	227
	131	163	240
	135	178	255
	153	207	255
	170	233	255
	187	252	255
	194	255	255
	198	255	255
	122	166	222
	128	176	232
	134	185	241
	139	186	241
	142	189	241
	143	193	241
	144	187	233
	144	181	224
	137	173	214
	130	161	204
	123	146	193
	116	137	182
	110	130	173
	103	124	169
	103	124	165
	107	127	162
	111	139	179
	115	153	196
	120	173	213
	124	185	228
	130	194	244
	132	191	255
	134	190	255
	136	190	251
	137	186	239
	139	181	229
	140	173	236
	144	179	242
	150	196	249
	155	213	255
	158	225	255
	158	223	255
	158	214	255
	157	201	255
	143	181	232
	129	164	214
	115	149	204
	116	145	194
	121	148	187
	126	169	218
	133	189	247
	143	209	255
	153	210	255
	159	205	255
	150	191	245
	140	178	233
	130	165	222
	125	157	211
	121	154	206
	116	159	218
	117	166	229
	119	174	239
	122	172	232
	125	166	225
	130	156	220
	135	171	241
	142	195	255
	161	227	255
	181	254	255
	201	255	255
	206	255	255
	209	255	255
	211	255	255
	122	171	226
	127	179	236
	131	184	244
	135	184	241
	137	185	239
	138	188	236
	138	183	227
	137	177	218
	129	168	209
	121	155	199
	114	140	187
	108	128	177
	103	120	169
	98	121	168
	101	123	168
	107	127	169
	114	146	188
	119	167	207
	124	191	226
	129	194	236
	133	194	245
	134	194	254
	135	190	254
	136	185	246
	138	180	237
	139	178	233
	140	182	244
	146	194	254
	154	209	255
	162	223	255
	165	231	255
	161	231	255
	158	214	255
	154	192	247
	139	171	223
	124	155	206
	111	142	197
	113	140	188
	118	145	187
	124	167	214
	131	186	241
	139	204	255
	147	200	255
	151	193	245
	141	180	232
	132	169	223
	123	159	216
	121	158	208
	119	160	209
	117	168	224
	118	172	239
	120	174	250
	122	172	238
	126	169	224
	133	167	211
	139	183	245
	148	207	255
	169	241	255
	189	255	255
	209	255	255
	211	255	255
	211	255	255
	211	255	255
	204	255	255
	194	244	255
	119	167	221
	124	178	230
	127	179	240
	130	180	246
	133	179	241
	133	179	236
	133	180	230
	132	178	222
	130	172	213
	122	158	204
	115	145	194
	108	132	182
	104	125	172
	99	120	166
	95	118	168
	100	124	171
	107	134	177
	113	155	198
	119	173	219
	124	189	240
	130	190	243
	135	190	245
	135	190	247
	136	186	245
	138	178	241
	139	179	236
	141	182	239
	143	191	252
	150	205	255
	158	221	255
	166	234	255
	168	238	255
	161	233	255
	156	207	255
	148	180	238
	134	160	212
	120	145	198
	105	136	191
	110	133	185
	116	137	186
	122	161	209
	128	184	231
	135	205	254
	142	194	244
	142	182	235
	133	169	225
	124	163	221
	117	159	219
	118	157	216
	118	160	219
	119	168	227
	120	175	236
	121	177	242
	123	167	231
	128	160	222
	136	155	211
	143	184	249
	155	218	255
	176	255	255
	197	255	255
	218	255	255
	215	255	255
	212	255	255
	210	255	255
	200	253	255
	188	236	255
	175	210	255
	166	193	252
	121	170	226
	127	177	232
	128	177	240
	129	177	242
	130	177	237
	129	175	230
	127	173	225
	126	168	215
	122	159	205
	115	145	196
	109	135	186
	102	127	177
	99	121	168
	96	117	165
	93	116	168
	99	124	172
	105	136	181
	112	158	204
	118	173	227
	124	183	250
	130	186	248
	135	187	245
	136	186	242
	138	180	240
	139	174	238
	142	182	237
	144	190	244
	147	198	255
	153	214	255
	159	231	255
	166	248	255
	164	241	255
	155	217	255
	147	188	253
	138	163	228
	125	150	203
	113	138	191
	101	127	186
	106	131	181
	112	141	185
	117	160	203
	122	175	222
	128	185	238
	134	179	231
	134	172	224
	127	163	217
	120	159	219
	115	157	222
	116	158	225
	117	163	227
	118	171	229
	119	172	233
	120	169	233
	121	157	227
	127	153	220
	136	155	214
	145	190	253
	159	226	255
	180	255	255
	201	255	255
	220	255	255
	216	255	255
	212	255	255
	208	255	255
	195	246	255
	181	231	255
	166	209	255
	155	190	244
	146	173	229
	138	170	221
	123	172	231
	128	177	235
	128	176	239
	128	176	238
	128	175	231
	126	171	225
	123	165	219
	121	156	208
	116	145	197
	110	133	186
	103	128	179
	98	124	173
	96	117	165
	94	114	164
	92	114	167
	98	120	170
	104	132	180
	111	153	204
	118	168	228
	124	182	250
	131	187	251
	135	190	252
	137	188	252
	139	187	249
	141	187	246
	144	191	243
	148	199	251
	151	207	255
	156	224	255
	160	237	255
	165	238	255
	159	224	255
	148	201	255
	138	176	239
	127	156	216
	117	142	193
	107	132	184
	98	124	181
	102	128	178
	107	138	183
	112	156	199
	116	165	215
	121	171	226
	126	168	222
	126	163	218
	121	156	212
	117	156	218
	114	157	225
	115	161	231
	116	166	232
	117	172	230
	117	165	228
	116	156	226
	117	143	223
	124	151	219
	133	168	220
	143	199	255
	157	229	255
	177	255	255
	196	255	255
	211	255	255
	207	255	255
	203	255	255
	200	252	255
	187	238	255
	174	223	255
	161	204	252
	152	188	237
	143	174	222
	135	166	214
	131	161	206
	120	167	231
	124	174	235
	129	180	236
	128	176	237
	127	175	234
	127	176	227
	124	167	220
	121	157	212
	119	147	200
	115	140	188
	109	135	177
	104	131	173
	99	124	168
	96	115	164
	94	110	164
	92	108	166
	98	119	168
	105	134	181
	112	153	205
	119	171	229
	127	186	250
	134	197	255
	139	199	255
	140	195	255
	142	198	255
	144	200	254
	147	200	250
	150	205	255
	154	212	255
	156	226	255
	159	232	255
	162	224	255
	153	206	255
	141	186	243
	129	166	223
	118	150	203
	110	135	183
	101	128	178
	95	123	176
	99	123	175
	103	132	182
	107	148	196
	111	157	210
	114	162	220
	118	160	218
	118	155	216
	116	147	214
	114	153	219
	113	157	224
	114	162	230
	115	164	229
	116	165	226
	114	160	223
	113	154	221
	112	147	221
	120	154	220
	131	168	225
	141	198	255
	156	226	255
	174	254	255
	191	255	255
	203	255	255
	199	255	255
	195	255	255
	191	244	255
	179	229	255
	168	215	255
	156	198	245
	147	185	230
	140	173	217
	133	163	208
	128	155	200
	127	151	192
	126	145	187
	122	170	233
	126	174	234
	129	175	233
	127	171	232
	126	168	229
	125	168	225
	123	160	220
	120	152	212
	118	147	200
	114	143	188
	109	140	177
	104	132	173
	100	123	169
	97	111	166
	94	108	167
	92	109	169
	99	121	171
	107	138	184
	113	157	208
	122	177	233
	131	194	252
	139	205	255
	143	206	255
	144	201	255
	145	207	255
	147	209	255
	149	205	255
	151	208	255
	153	213	255
	154	217	255
	154	218	255
	155	212	255
	145	194	245
	133	173	225
	121	155	208
	112	141	191
	105	129	174
	98	122	173
	94	119	173
	98	124	173
	102	135	181
	105	148	194
	109	153	206
	112	157	215
	115	157	215
	115	154	215
	113	150	215
	112	155	219
	111	159	224
	112	161	228
	113	162	225
	113	161	221
	112	156	217
	111	151	217
	110	146	219
	119	156	221
	130	171	229
	140	197	255
	154	222	255
	169	247	255
	185	252	255
	193	255	255
	189	255	255
	186	246	255
	181	233	255
	171	220	255
	161	206	251
	152	190	238
	144	180	225
	137	170	213
	130	161	206
	125	153	200
	122	145	193
	119	145	192
	119	144	191
	128	146	190
	123	172	235
	126	172	232
	128	171	229
	127	166	227
	126	163	225
	125	161	223
	123	155	221
	120	152	215
	118	153	203
	114	150	191
	110	145	180
	105	133	177
	101	119	173
	98	104	170
	94	110	173
	93	118	176
	100	124	179
	108	142	195
	115	166	218
	124	188	241
	135	202	255
	145	203	255
	148	201	255
	148	198	255
	150	201	255
	150	201	255
	151	199	255
	152	203	255
	153	209	255
	151	212	255
	149	207	255
	147	195	249
	136	176	228
	124	158	209
	113	143	195
	105	132	181
	100	122	166
	95	118	168
	93	117	169
	97	123	171
	101	134	180
	105	146	192
	108	150	204
	110	153	211
	113	155	212
	112	153	214
	111	152	216
	110	156	219
	109	158	222
	110	159	226
	110	160	221
	110	158	216
	110	151	211
	110	146	213
	110	142	218
	120	160	222
	130	178	233
	140	196	253
	151	212	255
	162	227	255
	174	234	255
	179	237	255
	175	235	255
	172	229	255
	167	221	255
	158	207	255
	150	193	244
	141	178	232
	135	171	220
	130	164	210
	124	157	205
	122	152	200
	120	146	195
	119	148	197
	120	151	199
	129	156	200
	137	163	201
	145	169	203
	121	169	226
	122	170	236
	124	171	230
	125	169	226
	126	166	221
	126	162	221
	127	159	222
	126	160	223
	125	162	218
	124	165	205
	119	157	194
	114	146	185
	109	133	181
	104	123	178
	100	116	174
	96	123	179
	95	130	183
	102	136	187
	109	156	204
	116	179	226
	125	191	248
	135	198	255
	144	198	255
	147	196	255
	148	195	255
	148	196	255
	149	196	255
	149	196	255
	149	202	255
	148	206	255
	144	204	255
	141	193	251
	138	175	231
	127	158	211
	116	143	195
	105	131	183
	100	123	171
	96	117	161
	93	116	163
	92	117	166
	96	120	168
	100	132	179
	104	143	192
	106	147	204
	109	149	210
	111	151	211
	110	150	212
	109	150	214
	108	153	216
	108	155	219
	108	155	222
	107	154	217
	108	151	212
	109	143	207
	109	146	215
	111	153	225
	120	169	236
	131	185	247
	140	199	255
	147	208	255
	155	216	255
	162	220	255
	164	220	255
	161	219	255
	158	212	255
	154	205	255
	146	193	246
	138	181	235
	130	169	224
	126	163	213
	123	158	205
	119	153	202
	119	150	199
	120	147	197
	121	153	203
	125	161	208
	134	174	213
	141	179	215
	149	180	216
	153	174	217
	122	167	225
	122	168	231
	122	169	227
	123	168	223
	125	166	219
	127	163	220
	129	161	221
	130	166	223
	130	169	218
	131	173	208
	124	162	199
	118	150	190
	113	135	184
	107	127	178
	102	124	173
	97	129	180
	97	135	186
	104	143	193
	110	163	211
	117	183	232
	125	188	253
	133	191	255
	142	193	255
	143	192	255
	144	191	255
	145	192	255
	145	194	255
	143	197	255
	142	204	255
	139	203	255
	135	188	247
	130	172	232
	125	156	214
	117	144	195
	108	132	181
	99	119	172
	96	115	162
	93	113	156
	91	113	160
	92	118	163
	96	125	167
	101	140	179
	105	150	191
	107	149	204
	110	150	209
	112	151	210
	110	150	211
	109	151	212
	108	153	214
	108	154	216
	107	153	217
	105	151	212
	107	147	207
	109	142	203
	111	150	217
	114	161	234
	123	179	250
	133	193	255
	142	204	255
	146	206	255
	150	207	255
	153	207	255
	152	206	255
	148	204	255
	145	197	255
	141	188	245
	134	178	233
	127	171	223
	121	163	214
	118	158	204
	116	153	198
	114	148	197
	116	146	196
	120	147	197
	124	163	211
	130	180	225
	138	199	238
	146	198	237
	152	195	236
	149	189	234
	147	180	226
	145	168	215
	121	166	223
	121	167	226
	120	167	223
	122	167	221
	125	165	218
	129	162	219
	132	163	220
	133	172	221
	135	177	217
	136	178	211
	129	167	205
	122	154	196
	115	139	184
	110	131	173
	104	125	165
	99	126	176
	100	132	185
	105	139	194
	112	158	212
	118	176	231
	125	184	251
	132	187	255
	139	188	255
	140	188	255
	141	189	255
	142	190	255
	140	192	255
	138	193	255
	135	190	247
	131	182	238
	124	168	229
	118	157	215
	112	145	199
	107	135	183
	100	124	172
	94	114	164
	92	110	156
	91	109	153
	89	112	158
	92	119	163
	97	129	168
	102	142	180
	107	151	191
	109	150	203
	111	150	207
	112	151	208
	112	151	209
	111	152	210
	110	154	211
	108	153	212
	107	152	212
	105	150	208
	107	148	204
	111	146	200
	115	155	221
	120	167	244
	130	189	255
	139	204	255
	148	215	255
	149	208	255
	150	204	255
	150	200	255
	147	196	255
	142	190	252
	138	183	242
	133	176	232
	127	168	221
	121	162	212
	116	156	204
	114	151	195
	113	146	191
	111	140	191
	116	146	192
	121	155	199
	127	173	221
	134	191	243
	142	209	255
	150	211	255
	153	210	255
	147	201	251
	142	191	243
	137	181	233
	133	177	223
	129	171	213
	120	166	219
	120	165	221
	120	165	222
	119	167	220
	121	165	219
	126	161	218
	131	155	218
	134	160	219
	136	177	220
	138	188	218
	138	193	215
	130	170	211
	121	151	201
	112	135	184
	107	126	168
	102	119	159
	97	117	172
	100	126	184
	107	141	196
	114	161	213
	120	176	231
	126	182	249
	131	184	253
	137	186	253
	137	185	252
	138	186	250
	138	189	247
	135	187	244
	131	183	240
	127	174	230
	122	164	220
	116	153	210
	109	144	198
	103	136	185
	98	127	173
	94	120	164
	90	112	158
	89	107	152
	89	106	151
	89	112	158
	92	120	165
	98	130	172
	103	139	181
	108	145	191
	110	147	201
	112	148	204
	113	150	205
	112	152	207
	112	153	208
	111	153	209
	109	153	211
	107	153	211
	104	149	208
	108	145	205
	113	142	202
	119	161	225
	126	182	248
	136	209	255
	145	216	255
	154	215	255
	152	207	255
	150	200	255
	147	193	255
	142	186	249
	136	179	242
	130	173	232
	124	166	222
	120	159	212
	116	155	204
	112	150	196
	111	145	188
	109	140	187
	108	136	190
	116	147	193
	123	162	204
	131	182	230
	138	199	255
	145	213	255
	152	222	255
	154	221	255
	148	208	255
	143	199	255
	138	190	251
	133	182	243
	128	177	234
	123	175	223
	119	160	219
	118	161	221
	118	166	222
	122	164	224
	127	160	225
	133	161	223
	137	171	222
	139	190	221
	141	192	218
	140	186	214
	130	161	211
	119	144	200
	109	131	183
	104	120	166
	100	113	160
	95	113	173
	100	126	187
	108	145	201
	116	165	216
	123	177	231
	127	181	247
	131	182	249
	135	183	248
	134	182	248
	134	184	245
	134	189	238
	129	180	231
	124	169	224
	120	158	213
	115	150	202
	110	142	191
	105	135	182
	100	127	173
	97	121	164
	93	116	158
	90	110	153
	90	108	148
	90	108	150
	91	110	158
	95	120	167
	99	131	175
	104	140	183
	108	144	190
	111	145	199
	113	146	201
	115	147	202
	114	148	204
	113	150	206
	112	151	208
	110	152	210
	108	151	210
	107	148	208
	111	147	206
	117	147	206
	123	168	229
	131	191	253
	140	219	255
	150	220	255
	157	215	255
	152	205	255
	148	196	255
	144	186	251
	137	177	242
	130	169	233
	122	164	224
	117	158	216
	114	151	207
	110	147	199
	108	143	191
	107	139	183
	106	139	187
	106	141	194
	116	149	202
	125	164	215
	135	186	233
	141	204	253
	148	218	255
	154	216	255
	155	212	255
	150	209	251
	145	196	244
	140	184	236
	133	178	228
	127	172	221
	121	167	215
	119	158	207
	116	151	201
	120	169	225
	124	166	230
	130	164	232
	135	168	229
	139	181	225
	140	201	222
	143	188	217
	140	172	211
	129	148	205
	117	136	195
	106	128	181
	102	112	168
	97	108	167
	93	119	182
	100	133	196
	110	148	209
	119	165	222
	125	175	234
	128	181	247
	131	180	244
	133	178	241
	131	177	237
	130	175	232
	129	174	226
	123	165	220
	118	157	212
	113	148	202
	109	140	191
	105	133	181
	101	128	174
	98	122	167
	95	117	160
	92	113	155
	90	110	152
	91	108	147
	92	109	151
	93	112	159
	97	123	168
	101	134	177
	105	140	184
	109	142	192
	112	142	199
	115	145	200
	116	145	201
	115	144	202
	114	145	204
	113	148	206
	112	150	208
	111	150	209
	110	148	208
	115	153	207
	120	160	211
	126	176	234
	134	192	255
	142	209	255
	150	216	255
	155	215	255
	149	202	255
	143	191	254
	138	181	244
	132	173	235
	125	165	225
	118	159	217
	114	154	209
	111	148	201
	108	143	194
	107	139	186
	107	136	179
	107	137	188
	108	142	200
	117	154	212
	126	172	223
	135	194	236
	140	204	249
	145	208	255
	150	201	250
	149	198	244
	144	197	238
	140	184	229
	135	174	221
	129	168	212
	123	162	206
	118	154	202
	115	152	197
	113	149	194
	110	147	191
	137	169	234
	139	176	229
	139	187	224
	140	180	216
	136	168	207
	125	150	200
	115	142	190
	105	136	181
	102	121	172
	100	118	175
	97	125	190
	104	140	205
	114	156	218
	123	172	227
	127	178	236
	129	180	246
	130	176	239
	130	173	232
	127	169	225
	125	165	219
	123	160	214
	118	153	208
	113	146	200
	108	139	191
	105	133	181
	102	127	173
	99	124	168
	96	119	163
	94	113	159
	92	112	155
	91	111	151
	92	108	148
	94	111	152
	96	116	160
	99	129	169
	102	137	179
	106	139	187
	110	139	197
	113	139	204
	117	146	203
	118	146	202
	116	139	201
	115	140	200
	114	143	200
	114	148	199
	114	151	201
	114	150	205
	119	154	209
	124	161	217
	130	178	237
	136	194	255
	143	209	255
	151	210	255
	153	207	255
	146	197	255
	139	186	247
	133	176	237
	126	168	226
	120	161	218
	114	155	209
	111	150	202
	109	145	195
	106	140	188
	105	135	182
	107	131	176
	108	136	189
	111	144	205
	118	160	220
	126	179	230
	135	200	236
	137	197	243
	139	192	245
	142	183	238
	139	178	231
	134	175	224
	129	165	214
	123	157	205
	119	151	196
	115	145	192
	111	140	189
	109	141	187
	108	142	186
	138	183	218
	137	173	209
	132	160	200
	122	144	192
	112	140	185
	105	135	178
	104	124	172
	102	124	179
	101	131	195
	110	148	211
	118	164	224
	127	178	230
	129	180	237
	129	177	242
	129	172	232
	127	166	223
	124	161	214
	121	155	207
	118	148	202
	114	143	196
	111	137	189
	108	130	180
	105	128	172
	102	126	165
	100	124	163
	98	120	160
	96	114	158
	93	115	155
	92	114	152
	93	111	148
	94	112	154
	96	115	162
	100	128	171
	105	136	180
	109	139	191
	111	142	202
	113	147	210
	127	166	223
	132	183	239
	138	196	255
	143	206	255
	149	203	255
	149	198	255
	142	191	249
	135	181	239
	128	171	228
	122	163	218
	116	157	209
	111	152	202
	108	147	194
	106	143	187
	104	136	183
	105	129	178
	107	122	174
	109	136	190
	113	151	207
	120	165	224
	127	177	230
	134	187	234
	133	187	238
	133	182	237
	133	174	229
	129	166	222
	122	160	215
	117	152	205
	112	144	196
	109	135	186
	106	134	184
	103	134	182
	103	134	181
	102	136	181
	127	149	191
	119	134	183
	110	131	178
	104	126	173
	105	118	167
	106	125	179
	107	137	196
	115	156	214
	123	169	225
	131	176	228
	131	177	231
	129	176	232
	127	167	225
	124	160	217
	120	153	210
	116	148	206
	113	143	203
	111	136	200
	110	135	193
	108	136	184
	106	131	177
	104	127	171
	102	125	169
	100	118	168
	97	111	166
	95	115	161
	94	115	156
	94	110	151
	95	113	156
	96	119	164
	102	132	173
	107	138	182
	130	173	230
	124	163	220
	119	157	210
	114	153	201
	109	147	194
	107	143	186
	106	139	181
	105	134	178
	107	134	176
	111	136	175
	114	146	193
	118	158	210
	123	171	227
	129	177	231
	133	181	231
	131	179	232
	129	174	228
	126	165	221
	121	157	214
	115	150	206
	109	143	197
	105	135	187
	102	126	178
	100	129	177
	98	131	177
	98	129	176
	107	129	172
	103	125	168
	104	121	165
	106	127	179
	108	138	198
	116	156	217
	123	168	225
	131	176	225
	130	174	225
	129	169	223
	126	161	218
	124	155	212
	121	151	206
	117	145	205
	115	141	204
	115	138	204
	114	143	198
	114	150	190
	112	142	183
	109	135	179
	107	129	179
	103	119	179
	100	111	177
	97	118	169
	96	116	162
	95	108	154
	95	116	160
	125	167	220
	120	158	211
	116	153	203
	111	148	195
	107	143	188
	107	139	180
	107	137	177
	106	135	178
	110	142	178
	115	151	181
	120	159	198
	124	167	215
	128	178	232
	132	179	231
	133	178	229
	130	173	226
	125	166	220
	122	157	212
	116	151	205
	111	144	197
	105	136	187
	102	132	179
	100	129	171
	99	131	171
	97	132	172
	105	129	179
	109	139	198
	116	156	217
	123	167	223
	130	176	222
	129	168	221
	127	161	218
	126	156	213
	125	154	208
	124	154	204
	123	145	205
	124	143	206
	126	152	208
	128	163	203
	129	173	197
	126	167	190
	123	156	188
	120	140	189
	114	132	190
	108	129	188
	102	137	178
	99	130	167
	121	162	208
	117	155	203
	113	148	197
	109	143	190
	105	139	182
	106	135	175
	107	136	175
	108	140	183
	113	154	190
	120	166	198
	126	172	210
	130	181	223
	132	191	236
	134	184	232
	134	177	227
	128	170	224
	122	163	216
	117	156	206
	112	148	197
	108	141	189
	103	134	181
	100	131	175
	99	129	168
	97	130	168
	97	130	169
	116	160	211
	122	165	218
	129	166	222
	127	159	224
	127	158	225
	126	164	223
	127	166	221
	129	166	219
	131	163	218
	134	162	218
	138	163	217
	142	174	209
	144	186	200
	140	200	190
	136	183	186
	133	150	185
	124	140	185
	112	151	195
	109	145	191
	106	139	184
	104	135	177
	104	132	169
	105	132	175
	106	135	189
	112	153	203
	119	167	214
	125	177	222
	128	183	230
	129	188	238
	131	183	232
	130	177	226
	124	168	221
	118	161	210
	113	155	200
	109	146	189
	105	138	181
	101	130	176
	99	129	171
	98	127	167
	97	127	167
	136	165	222
	134	163	229
	132	169	233
	130	182	233
	131	179	235
	133	178	234
	135	184	231
	138	178	228
	142	168	226
	146	175	214
	148	188	201
	145	212	189
	142	190	182
	107	143	183
	105	142	184
	103	136	178
	102	131	172
	103	127	165
	104	130	177
	105	136	195
	111	153	212
	117	167	224
	123	178	229
	124	180	234
	124	178	237
	125	179	230
	123	174	224
	119	165	217
	115	160	205
	110	154	194
	107	142	181
	103	133	175
	100	124	171
	99	125	168
	97	125	165
	96	125	165
	135	201	244
	135	189	247
	134	188	248
	135	206	244
	134	190	239
	134	165	234
	135	165	218
	103	135	168
	102	139	174
	101	132	171
	101	126	168
	101	121	164
	102	130	178
	104	143	196
	109	158	214
	115	166	223
	120	169	224
	120	168	226
	120	167	225
	120	167	219
	118	164	212
	114	158	206
	111	152	196
	108	144	186
	105	134	176
	102	129	171
	100	124	168
	98	125	166
	97	125	164
	136	162	242
	134	175	236
	104	131	165
	102	126	165
	101	124	164
	102	125	163
	103	137	180
	105	148	198
	110	159	216
	114	162	221
	119	162	219
	118	160	217
	116	159	214
	115	157	208
	113	154	201
	110	150	195
	107	142	187
	104	135	179
	102	129	171
	100	126	168
	99	126	166
	97	125	165
	106	126	159
	103	123	162
	103	124	165
	104	129	167
	105	142	183
	108	154	200
	111	161	216
	115	160	218
	118	157	212
	115	155	209
	113	152	204
	110	149	197
	108	145	190
	105	140	184
	102	133	179
	101	129	173
	99	127	167
	98	127	165
	96	127	165
	95	124	164
	108	125	155
	104	123	162
	104	125	169
	105	130	177
	107	146	189
	109	159	202
	112	169	215
	115	163	212
	117	155	206
	113	151	201
	109	146	195
	105	142	188
	103	137	182
	101	132	177
	98	127	172
	97	124	167
	96	123	163
	95	123	161
	94	123	160
	103	117	163
	104	125	175
	105	137	186
	107	155	195
	109	164	203
	111	165	212
	113	159	207
	114	151	200
	110	146	193
	106	141	186
	102	136	180
	100	131	174
	98	126	169
	96	122	166
	94	120	162
	93	119	159
	92	119	157
	92	119	155
	103	116	163
	104	127	178
	105	141	190
	107	158	196
	108	162	202
	109	158	208
	111	152	201
	110	146	193
	107	142	185
	103	136	179
	99	131	172
	98	125	166
	96	120	162
	94	116	160
	93	115	158
	91	116	156
	90	116	152
	103	123	163
	104	132	177
	105	140	187
	107	148	191
	107	151	195
	108	151	199
	108	145	192
	107	141	185
	103	137	179
	100	132	173
	98	125	166
	96	118	160
	95	114	156
	93	113	155
	91	114	152
	89	114	150
	104	129	176
	104	136	184
	104	141	186
	104	142	188
	104	142	189
	104	138	184
	103	135	178
	100	132	173
	97	126	166
	95	120	161
	94	114	155
	93	112	151
	91	112	149
	89	112	146
	87	111	144
	101	136	181
	101	134	181
	101	131	176
	99	129	171
	96	127	166
	94	122	161
	92	117	155
	91	113	150
	90	112	146
	89	111	143
	87	110	141
	88	109	142
	87	109	140
	86	108	138
	89	109	145
